# Created by Octave 10.3.0, Wed Oct 29 20:55:16 2025 UTC <unknown@DESKTOP-TR8TLOL>
# name: best_path
# type: matrix
# rows: 99
# columns: 2
 6 42
 7 43
 8 43
 7 42
 8 42
 9 42
 8 42
 9 42
 10 41
 11 40
 11 39
 12 38
 12 37
 13 36
 14 36
 13 35
 14 34
 15 34
 16 33
 16 32
 16 31
 16 30
 15 31
 15 30
 15 29
 16 29
 17 28
 16 28
 16 27
 17 26
 16 26
 16 25
 17 24
 18 23
 18 22
 17 21
 18 21
 18 20
 17 19
 16 20
 15 19
 15 18
 15 17
 14 18
 14 17
 13 18
 12 17
 13 16
 12 15
 11 15
 10 14
 10 13
 11 13
 10 12
 10 11
 10 10
 10 9
 11 8
 12 8
 11 7
 12 6
 13 5
 13 4
 13 3
 14 3
 15 4
 16 4
 17 3
 17 4
 18 3
 18 2
 19 2
 20 2
 20 3
 21 4
 22 5
 23 5
 23 3
 24 4
 25 5
 26 4
 27 3
 28 3
 29 3
 30 4
 31 3
 31 4
 31 5
 32 4
 32 5
 33 6
 34 6
 35 5
 36 6
 37 7
 38 8
 39 8
 40 7
 41 7


# name: best_fitness
# type: scalar
1.1335703913941124


# name: maps
# type: cell
# rows: 1
# columns: 3
# name: <cell-element>
# type: matrix
# rows: 50
# columns: 50
 0 0 0 0 0 1 0 0 1 1 1 1 1 0 0 0 0 1 1 1 1 1 1 0 1 1 1 0 1 0 1 1 1 0 0 0 1 1 1 0 1 1 1 1 1 1 1 1 1 0
 1 1 1 0 1 1 0 1 1 1 1 1 1 0 1 1 1 1 1 0 0 1 0 1 1 0 0 1 1 1 1 1 1 1 0 1 1 1 1 0 1 0 1 1 1 0 0 1 1 0
 1 1 1 0 1 1 0 1 0 0 1 1 0 1 1 0 1 1 1 1 0 0 0 0 0 1 1 1 1 0 1 0 1 0 1 1 1 1 1 1 1 1 1 1 1 1 1 1 1 0
 0 1 0 1 0 1 0 1 1 0 0 1 1 1 1 1 1 0 1 1 1 1 1 1 1 1 0 1 1 1 0 0 1 1 0 1 1 0 1 0 0 1 0 0 1 0 0 1 1 0
 1 1 1 0 0 0 1 1 0 0 1 1 1 1 1 0 1 0 1 1 1 1 1 0 0 1 0 0 0 0 0 1 1 1 1 1 1 1 0 1 1 1 1 1 1 1 0 1 1 0
 1 1 1 1 0 1 1 1 0 1 1 0 0 0 1 0 1 1 1 0 1 0 1 0 0 1 0 1 1 1 1 0 1 0 1 0 0 0 1 1 0 1 1 0 1 1 1 1 1 1
 1 0 1 1 1 1 1 1 1 1 0 1 1 1 1 1 1 1 1 0 1 0 0 0 1 1 0 1 1 1 1 1 0 1 0 0 0 0 1 1 1 1 0 1 0 0 1 1 0 1
 1 0 0 1 1 0 1 0 1 0 1 1 1 0 0 1 1 1 1 0 1 0 1 0 1 1 1 0 0 1 0 1 1 1 1 1 1 1 1 1 1 0 1 0 1 1 1 1 0 1
 0 1 1 0 0 1 1 1 0 1 1 1 1 1 1 1 1 1 1 1 0 0 1 1 1 1 1 0 1 1 1 1 1 1 0 1 0 1 1 0 1 1 0 1 1 0 0 0 0 1
 0 1 1 1 0 0 1 0 1 1 1 0 0 1 1 0 1 1 0 1 1 1 1 1 1 1 0 1 1 1 1 0 0 1 0 1 0 1 1 0 0 1 1 0 0 1 1 1 1 0
 1 0 1 1 1 0 0 1 1 0 1 1 1 1 0 1 1 1 1 1 0 1 1 0 1 1 1 0 1 1 1 0 0 0 1 1 1 1 1 1 1 1 1 1 0 1 1 1 1 1
 1 1 1 1 1 1 0 1 0 0 1 1 0 0 1 1 1 1 0 1 1 0 1 1 1 1 1 1 1 1 0 0 0 1 1 1 1 0 1 0 0 1 1 1 0 1 1 1 0 1
 1 1 0 0 1 0 0 0 1 0 1 1 1 1 1 1 1 1 1 1 0 0 1 1 1 0 1 1 0 1 0 1 1 1 0 1 0 0 1 0 1 1 1 1 0 0 1 0 0 0
 0 1 0 1 0 0 1 0 1 1 0 0 1 1 1 1 1 0 1 0 0 1 1 1 1 1 1 1 1 1 1 1 1 0 0 1 0 1 1 1 1 0 0 0 1 0 1 0 1 1
 1 1 0 1 1 1 1 1 1 0 0 1 1 0 1 1 0 1 0 1 1 0 0 1 0 0 1 1 1 1 1 1 1 1 1 1 1 0 0 1 1 1 1 1 0 1 1 0 0 1
 1 1 1 1 1 1 0 1 1 0 0 1 1 1 1 1 0 1 0 1 1 0 0 1 1 1 0 1 1 0 0 1 0 0 0 1 0 0 1 0 0 1 1 0 0 1 1 1 1 1
 0 1 1 0 1 0 0 1 1 1 1 1 1 1 1 1 1 0 0 0 0 0 1 0 1 1 1 0 0 0 1 1 0 0 1 1 1 1 0 1 0 1 1 1 1 1 1 1 0 1
 1 1 1 1 1 0 1 1 1 0 1 1 0 1 1 1 1 0 1 1 1 0 0 1 1 1 0 1 0 0 1 0 0 0 1 1 1 1 1 1 1 1 1 1 1 0 1 1 1 0
 1 1 1 0 0 0 1 1 1 1 1 1 1 1 0 1 1 1 1 1 0 0 1 0 1 1 1 0 1 0 1 0 1 0 0 0 0 0 0 1 1 1 1 1 1 1 1 0 0 1
 0 1 1 0 1 1 1 1 1 1 1 0 0 1 1 0 0 0 0 0 1 0 0 1 1 1 0 0 0 1 1 1 1 1 1 0 1 0 1 1 1 0 1 1 1 1 0 1 1 1
 0 1 0 1 0 0 0 1 1 1 1 1 0 1 0 0 1 0 1 1 1 1 1 1 0 1 1 0 0 0 1 1 0 1 0 0 1 0 1 0 1 0 0 1 1 1 0 1 1 0
 1 0 1 1 0 1 0 0 1 0 1 1 1 0 1 1 1 0 0 0 1 1 0 0 1 0 1 0 1 0 0 1 1 1 0 1 0 1 1 1 0 0 0 0 0 1 0 1 1 0
 1 0 1 0 1 1 0 0 0 0 1 1 1 1 1 1 0 1 1 1 0 1 1 1 0 0 1 1 1 0 0 1 1 1 0 1 0 1 1 1 1 1 1 1 1 1 0 0 1 0
 1 1 0 1 0 1 0 0 0 1 1 1 1 0 1 0 0 1 1 1 0 0 1 1 0 1 1 1 1 1 0 1 1 1 0 1 0 1 1 1 1 0 0 1 1 1 1 0 0 1
 0 1 0 0 1 1 1 1 0 0 1 1 0 0 0 0 1 1 1 0 1 1 0 0 0 0 0 1 1 1 1 1 0 1 1 0 1 1 1 1 1 1 1 1 1 1 0 1 1 1
 1 1 0 1 1 0 0 1 1 1 1 1 1 1 0 1 0 1 1 1 1 0 1 1 0 0 1 1 1 1 0 1 1 0 1 1 1 1 1 0 1 1 0 1 1 1 1 1 1 1
 0 1 1 1 1 0 0 1 1 0 0 0 1 0 1 0 0 1 1 1 1 1 0 0 1 1 0 0 1 1 0 1 1 1 1 1 0 1 0 0 1 1 1 1 1 1 0 1 1 0
 0 0 0 1 1 1 1 0 0 1 0 0 0 1 1 1 0 1 1 1 1 0 1 1 1 1 0 1 1 1 0 1 0 0 1 0 0 1 1 0 0 0 0 1 1 0 0 1 1 0
 1 1 0 0 0 0 0 1 1 1 1 1 0 0 1 1 1 1 1 1 0 1 1 1 1 1 1 1 1 0 0 1 1 0 0 0 0 1 1 1 0 1 0 0 1 0 1 1 1 0
 1 1 1 0 0 1 1 0 1 1 1 0 1 1 1 0 1 1 1 0 1 1 1 1 0 1 0 1 1 0 1 1 1 1 0 1 1 0 1 0 1 0 0 0 1 0 0 1 0 0
 0 1 0 2 1 0 1 0 1 1 1 0 1 1 0 0 0 1 1 1 0 1 0 0 0 0 1 1 1 1 0 1 1 1 1 0 1 0 0 1 1 1 1 0 1 1 1 1 1 0
 0 1 0 0 1 0 1 0 1 1 0 1 0 1 1 1 0 1 1 1 0 1 1 1 1 1 1 1 1 1 1 1 1 0 0 1 1 1 1 1 0 1 1 0 1 1 1 0 1 0
 0 1 0 1 1 1 0 1 0 1 1 1 0 0 1 0 1 1 0 1 0 1 0 1 1 1 1 1 1 0 1 1 0 1 1 0 1 1 0 1 1 1 0 1 1 1 1 1 1 1
 1 0 1 1 1 0 1 1 1 1 1 1 0 0 0 1 1 1 0 0 0 1 1 0 1 1 1 1 1 1 0 1 1 1 1 1 1 0 1 1 0 1 0 1 0 0 0 1 0 1
 0 1 0 1 0 1 1 1 0 1 1 1 1 1 1 1 0 0 1 1 0 1 1 1 0 1 0 1 1 1 1 1 1 0 0 0 1 0 1 1 1 1 1 1 1 1 0 1 1 1
 0 1 0 0 1 1 0 1 1 1 1 1 1 0 1 1 1 0 0 0 1 1 1 1 1 0 1 0 1 1 0 1 1 0 0 1 1 0 1 1 1 1 0 1 1 1 1 0 0 1
 1 1 1 1 0 0 1 0 1 1 1 0 0 0 1 0 0 1 0 1 1 1 0 1 1 1 1 0 1 1 1 1 1 0 0 1 1 0 1 1 0 0 0 0 1 1 0 1 1 0
 1 1 1 1 0 0 0 0 1 0 1 1 0 0 0 1 1 1 0 0 1 1 1 1 1 1 1 1 1 0 0 1 0 1 1 1 1 1 1 1 0 0 1 1 0 0 1 1 1 1
 1 0 0 1 0 1 1 1 0 0 1 1 1 0 1 0 1 1 1 1 1 1 1 1 1 0 0 0 0 0 0 1 0 1 0 1 1 0 0 0 0 1 1 1 0 0 0 1 1 0
 0 1 1 1 1 1 1 1 1 1 1 1 1 0 0 0 1 1 1 1 0 1 1 0 1 3 1 1 0 1 1 0 1 0 0 1 1 0 0 1 0 1 1 0 1 1 1 1 1 0
 1 1 0 1 1 1 1 1 1 0 1 0 1 1 1 0 0 0 1 1 0 1 1 1 1 1 0 1 1 0 0 0 1 0 0 1 1 1 1 0 1 1 0 1 0 1 0 1 0 0
 1 0 1 1 1 0 0 1 0 1 1 1 1 1 0 1 1 1 1 1 1 1 1 1 0 0 1 0 1 0 1 1 1 1 0 0 0 1 1 1 0 0 1 1 1 1 1 1 0 1
 0 1 1 0 0 0 0 1 1 1 1 0 0 1 0 1 1 1 1 0 1 1 1 0 1 1 0 0 0 0 0 0 1 0 1 0 0 0 0 1 0 1 1 1 0 1 0 0 1 1
 0 1 0 1 1 1 1 1 1 1 1 1 1 1 1 1 1 1 0 1 1 1 1 1 1 1 1 1 1 1 1 1 0 0 1 1 1 1 1 0 0 1 0 1 1 1 1 0 1 0
 1 1 0 1 1 1 1 0 1 1 1 0 0 1 1 1 1 1 1 1 0 1 1 1 1 1 1 1 1 0 0 1 1 0 1 1 0 0 1 1 1 1 1 1 1 1 1 1 0 0
 1 1 1 0 1 1 0 1 1 1 1 1 1 1 0 1 1 1 1 1 0 0 1 0 1 1 1 1 1 0 1 0 0 0 1 1 0 1 1 1 1 1 0 1 0 1 1 0 1 1
 1 1 1 0 1 1 1 1 1 0 1 1 0 1 0 1 1 1 1 1 0 1 1 1 0 1 1 1 1 0 0 1 0 0 1 0 0 1 1 0 1 1 1 1 0 0 0 1 1 1
 1 1 0 1 0 1 0 0 1 1 1 0 1 1 1 1 1 1 1 0 1 0 1 1 0 0 0 0 1 1 0 1 1 0 1 1 1 0 1 0 0 1 1 1 1 1 1 1 0 1
 1 1 1 0 0 0 1 1 1 1 1 0 1 1 1 1 1 1 1 0 0 0 1 0 1 0 0 1 1 1 1 1 1 1 1 1 0 1 0 1 1 0 0 1 1 1 0 1 1 1
 1 1 1 1 0 1 0 1 1 0 1 1 1 0 1 1 1 1 1 1 0 1 1 1 1 0 1 0 1 0 1 1 1 0 1 1 1 1 1 1 0 0 1 0 1 1 1 1 1 0



